300
121
754
953
839
877
597
728
721
621
162
876
536
501
903
268
235
886
648
173
946
144
579
839
149
318
268
547
312
942
495
116
567
125
505
301
426
328
189
982
481
982
143
566
154
608
978
180
530
806
502
158
389
112
292
494
530
463
634
253
264
621
134
424
284
656
808
489
869
983
388
349
610
469
951
327
558
979
812
959
126
771
696
280
488
823
928
348
134
184
856
690
737
973
612
257
137
970
577
462
948
617
686
443
465
584
457
236
670
625
309
706
591
418
530
584
581
705
216
561
458
603
769
365
790
426
941
973
595
524
947
644
328
894
498
336
835
820
921
210
574
200
967
312
449
176
714
443
263
751
895
128
584
982
632
947
768
812
960
463
347
859
761
900
284
257
659
949
212
447
670
511
318
779
800
740
801
851
986
767
352
499
462
113
994
218
763
757
482
450
711
403
902
263
382
890
531
559
197
155
102
763
438
154
762
479
254
339
729
623
664
139
359
859
312
970
782
996
437
690
928
773
597
713
968
748
309
202
496
412
402
729
908
655
995
485
110
647
164
106
128
153
132
305
608
220
374
451
915
604
301
827
339
543
656
836
324
122
193
919
826
373
525
223
745
715
699
921
834
783
451
347
804
816
169
196
692
994
101
292
258
571
371
764
235
858
534
217
222
393
563
569
811
331
166
339
606
269
321
351
661
756
962
945
735
478
910
647
364
448
799
618
740
480
642
145
159
240
762
931
459
470
276
719
206
692
926
316
497
761
528
318
544
531
287
263
113
257
302
649
308
565
198
796
164
343
387
497
661
549
841
922
696
944
976
192
935
265
752
151
877
900
441
416
410
888
323
675
334
945
614
824
811
974
712
594
153
909
568
626
462
610
228
806
240
702
114
955
352
899
989
115
250
727
160
382
660
452
300
960
472
743
457
281
385
551
880
730
748
937
374
985
153
893
464
981
649
380
691
921
456
953
926
494
946
207
855
617
571
633
618
769
144
756
365
567
624
207
639
121
521
998
602
874
236
614
688
579
868
228
448
678
853
205
262
165
195
381
859
697
204
727
398
852
364
822
381
390
985
623
996
175
916
670
120
117
480
825
450
168
429
469
411
698
837
835
537
132
426
168
651
449
829
120
800
483
829
991
585
502
442
731
163
616
668
715
921
103
670
583
225
270
998
314
263
766
879
972
832
819
932
568
112
575
367
633
930
713
817
158
986
560
170
474
353
311
978
477
430
470
187
296
188
591
816
267
956
511
655
615
352
746
453
557
552
478
300
609
508
290
504
818
343
923
513
841
657
677
283
822
608
636
727
666
210
382
356
887
826
517
880
508
222
458
836
629
590
804
189
159
898
355
526
636
415
826
294
553
551
505
946
309
112
973
983
909
683
642
798
324
560
470
865
330
138
328
678
480
346
434
378
925
817
743
800
803
947
836
832
516
435
574
566
780
886
315
710
548
204
940
278
701
247
363
795
997
709
577
566
603
232
131
620
861
742
766
547
113
877
988
345
341
585
318
834
244
933
631
493
299
469
357
458
690
147
229
305
502
674
741
513
374
950
512
712
119
648
929
392
172
598
933
382
551
848
732
217
574
260
335
346
312
658
715
911
698
524
279
560
292
406
247
573
651
704
514
617
240
516
895
282
675
694
738
440
920
626
691
587
784
418
350
720
619
460
458
479
714
860
438
323
808
627
504
569
746
441
638
851
720
260
822
712
334
956
549
416
181
761
378
439
736
712
720
938
234
866
915
733
866
734
601
393
959
962
444
902
575
492
705
383
870
860
814
730
320
271
532
215
745
621
895
436
767
479
463
526
557
999
881

