13403
19942
20761
10963
12457
12210
11717
20512
13618
15221
20078
12734
19670
14264
10816
20675
12573
10070
18457
17417
16812
13854
16222
17919
11269
17681
17102
14168
20534
15629
11402
19000
20310
20795
19155
11439
11389
14225
14917
12313
17707
17537
17559
17615
19228
16649
14990
11103
12893
13435
10374
13424
20553
13049
15584
16312
13683
20154
11719
17826
10610
11053
10366
17412
14553
18541
13107
19904
17706
11018
12622
15255
12488
12324
20963
15605
19523
11830
10439
15823
20939
10851
19947
10422
16962
14365
16834
18252
16224
16168
17927
15817
11448
10770
19136
10481
14586
20212
10974
14382
12808
16844
18850
16540
16103
15619
14448
18767
13261
20293
14684
10286
20504
16362
16159
13235
13254
20199
13117
19833
11282
18367
13909
15036
15074
20205
10386
14767
17592
10960
16341
13513
12146
11059
18097
15948
16556
14014
18284
13832
20766
12513
10500
17844
11844
18454
14380
16575
11783
14851
11946
18467
15877
17438
11705
11845
14482
20291
19598
16499
16956
13879
19615
13356
10449
16359
10142
14990
16568
15251
19536
10340
19398
13546
17497
15035
11364
18065
10049
15449
14295
12045
12451
11873
12777
12932
13302
17106
17584
11941
11213
20211
14476
15644
12023
15282
13939
10991
19550
18137
14684
16209
16709
13868
17999
12137
12598
20929
16352
19474
10176
14104
16110
13773
20964
11358
20583
13206
20894
20010
19872
19740
14136
18753
16068
16367
12657
14308
18474
11820
12005
14217
10008
11382
13993
10046
14615
12544
11508
14518
14699
14792
14021
12377
12565
18002
17953
12043
11940
13245
13386
13079
20657
12049
13296
13573
12061
10715
17889
17065
12692
11294
19811
16603
19103
14250
11567
20607
12624
16639
12903
16017
19169
15426
18483
12878
10930
18986
15985
17210
20613
14863
19058
19610
13463
20435
17915
10826
10986
10563
13154
13298
17187
13740
18692
16721
16551
12735
11612
20697
13019
10206
12704
20369
13518
18753
16220
14586
11200
14414
18721
12608
20084
10755
17529
17892
11783
19111
15972
20423
19411
18016
17416
20969
13401
19052
14751
10095
11089
15559
12600
19752
14653
16685
17524
10075
12764
15572
12818
11674
13365
19594
14483
12618
10751
17478
19707
15172
12157
18624
17010
18445
11447
15169
15537
16038
15627
12129
19666
20057
15089
17374
15937
17645
17257
10784
10351
15449
12702
15437
15743
20484
14673
13705
15879
19114
20665
11702
12223
17180
12299
12705
12684
12214
18106
13955
18097
19693
13841
18416
19020
18087
19330
19746
12423
14721
10538
15750
15841
14187
15216
16310
12921
17399
10171
20046
19696
15916
11248
12256
14624
10554
11047
17253
20606
13500
20709
19374
14451
16981
20925
11441
11099
10550
11671
11192
10479
11823
11376
14793
15042
13270
17787
14825
17691
11721
10405
12612
13244
14167
20708
16199
16183
15237
13239
20577
13331
17826
13381
20238
15498
20505
11799
10600
12687
19300
12496
18320
10891
16036
11757
14861
14703
20135
15275
13601
20994
10195
16319
15976
15243
20571
11164
20467
17111
13286
16346
18959
10698
20593
13595
16972
17627
11732
12452
20573
16215
20381
16249
17170
20004
11894
13136
10578
19027
12861
15092
19308
20754
18907
17292
19834
19818
13487
16368
13521
18473
13320
13792
11420
19988
20277
16603
12436
12379
12123
12710
18731
20874
14466
12661
16802
20294
12334
19987
18191
13181
10800
18487
19245
20957
18230
12376
17388
15818
13924
10571
19957
10557
18872
19195
11561
14212
16362
11272
15905
20854
10005
15153
13831
10037
19451
12953
16902
11890
12677
11991
12433
11327
17460
14595
11646
19427
20505
18516
15190
12332
11049
13139
11767
14427
12269
10449
10719
12922
18943
14856
16599
17044
10164
20417
17875
18762
20380
20633
16716
16696
10685
17874
20563
15156
18706
11983
10154
16570
17185
19340
12279
12660
13817
20838
14255
13381
16998
15226
19101
13876
11944
20178
14852
11978
18318
20405
17698
16889
18710
15208
18148
20552
16985
13765
20375
14616
18662
20254
10255
14808
15904
12379
10414
19631
12004
17111
18496
15498
11124
10864
12311
13256
15560
14745
12849
19352
11968
14157
14386
15792
18977
13822
11655
11776
16308
12132
20615
19481
18269
18398
18725
14800
13693
15298
12642
11168
15671
20774
15634
15540
14490
10816
10764
10542
17729
17558
17810
13995
18071
14547
11423
19880
14655
16995
17239
10759
13384
20547
20968
13772
13332
12391
10937
15789
13416
19250
14061
18759
19266
20418
16321
12864
10196
15174
20201
14769
14569
19416
15032
20929
11695
11231
14136
10026
19109
17774
20822
10350
19608
16539
19278
20640
17992
14000
13533
16557
20416
13828
12048
17969
17615
12985
12400
17755
11303
12733
11093
11472
20953
17105
16058
15475
16661
19304
12227
12111
14682
10486
14119
16906
17615
11445
20196
10537
17259
10403
10614
11530
14102
18325
12862
14921
12040
17711
13896
15731
20864
19236
19657
20349
20253
15691
11727
13185
13953
16515
11925
10544
15327
13242
14965
19005
12412
14175
16764
12073
13215
19634
18391
11232
12539
20323
10343
16250
14720
12733
19285
16969
10501
17014
12904
19992
20260
11459
16005
11726
13797
17748
13678
16995
20230
16628
11004
14688
14621
15574
14076
13525
10191
11114
16570
14578
11174
12477
19675
20160
14055
17213
17720
16008
13780
16373
18477
11859
11209
17975
20349
14869
13698
19047
15552
20925
20586
15652
15311
11464
15001
11239
11610
20354
12220
16752
13457
13777
19184
16075
16764
10605
17217
15569
20366
14752
14044
14946
17542
13201
11082
13569
11381
16101
10321
10882
16071
12274
17622
17746
14266
14638
12628
15167
20505
18354
18578
17027
10414
20230
11548
19814
13907
10848
18394
18887
12468
14136
20693
14173
10224
20907
17664
20774
15702
16187
15199
15612
15888
12628
20505
15309
18985
19046
12205
16740
17198
16829
18842
20406
15548
20753
17799
17143
13435
13490
10186
16206
11533
13950
14633
13463
13009
20093
19869
15681
16003
11488
16534
19142
15380
18455
10378
19671
15684
18376
11809
20378
16900
14033
19699
20024
15583
16573
15406
20873
13862
16673
20315
19443
12326
20703
16003
20735
11049
17057
10963
15549
18836
10110
20642
10649
18631
14796
14248
16554
14451
19632
20445
11106
10269
11422
11002
15525
10822
11193
12400
19356
14981
20227
15950
20149
12275
18049
20936
14576
15672
19727
18880
15356
20351
12907
15832
14150
13237
17281
12542
13951
18912
12926
17141
10873
15756
11550
11189
17594
15026
17034
12229
19652
17241
18402
16159
16162
17538
18156
10165
12979
11628
14053
19497
20233
10965
12705
10208
15482
10891
14927
14792
13378
12109
17314
14693
15458
19834
10290
14026
16989
10113
14544
17960
17854
16602
14002
15151
12116
11911
18086
13419
10667
14351
17326
12615
15820
18674
19074
11195
14420
11972
12649
19021
13448
11879
19382
18331
12477
14473
17282
18964
12732
16790
17522
13470
16181
14391
15051
10058
20130
16757
16545
20956
14215
17711
13910
19733
11714
13703
10574
18173
15845
14841
16240
20559
20111
19827
15245
19816
13561
11753
19748
12221
13991
12623
20867
20534
15737
20884
12843
16215
14827
17789
18735
18086
12372
19816
17908
15110
11332
13864
14140
10145
17752
11501
17570
20238
18040
10790
13355
18814
18922
17863
19156
19541
13819
17614
12235
16809
12783
16498
18941
12986
16280
14407
19552
11720
17611
18842
18295
10615
18941
19031
10255
19364
12018
17814
17521
13477
12830
18088
15314
15531
10528
13152
20537
19274
15776
14698
17328
11896
16210
17109
10717
17847
11868
10083
16955
11470
10779
16656
13283
13680
13180
15623
20291
11487
13575
19164
18435
18130
16642
18883
14975
11022
19115
11900
13080
10392
10654
13358
16056
20574
20879
10757
15555
17533
11335
15813
12459
14095
13189
19544
18366
12677
16818
15345
12160
11555
17612
19991
17776
19666
13400
11981
18481
16544
14345
15872
17737
17105
13008
20430
20252
15741
15774
15396
16199
13056
12678
17360
19960
10783
15812
20945
11143
14109
16225
20155
10780
17078
15618
11612
12519
20489
11651
11488
17951
17376
20757
14963
13328
19898
12720
15696
11953
17778
18847
20806
16054
10428
14708
16114
16796
18205
19630
12249
18275
20162
14527
15549
17344
17587
13555
17040
13249
13486
19710
17678
20229
11955
13012
14006
17871
18971
15452
11156
13445
20500
11882
17939
18967
12342
11605
17827
16288
13526
20771
16875
16481
12758
12317
20199
10553
18102
18395
20096
11971
18517
15401
15084
18936
20815
19495
17608
20338
11836
18261
16744
10506
11069
11549
16727
19332
17230
12469
14680
19228
13264
13498
11785
12669
11788
12681
15911
10746
19280
11599
13650
18437
19283
15096
12959
16777
16551
20596
12325
14647
13608
12941
17184
16971
13254
20980
13699
19406
14552
17742
19859
11441
15212
14260
12052
13683
20723
11412
20190
10368
11256
14770
19779
19578
19132
18208
15253
12194
11189
18343
19695
10797
10057
17337
18633
12819
13405
10811
11539
11700
19881
19370
14985
10912
19556
15360
13907
11261
13381
11254
16452
17658
15792
20956
12490
11199
14603
13023
16087
19612
14399
10997
14022
12585
11051
20055
12228
15517
12394
20262
12580
13993
14191
15782
11712
20798
20815
10848
18524
18728
15638
13323
10717
15084
12682
14597
17826
15214
17375
15434
16145
16360
10583
18142
17653
16575
11200
12448
19423
13198
20162
13423
13674
16810
14764
13644
10284
17036
16231
16941
16936
20696
15889
18429
11587
18113
13747
15090
11814
20908
20509
16239
20291
16619
20086
19290
16064
11719
12573
20761
11318
20693
15270
14398
17017
16413
18038
10168
20375
16627
11215
18406
20089
19829
17861
18758
19642
17567
14163
16610
10407
10015
20160
14060
14119
20617
19858
16906
13234
19993
14456
10289
10596
13974
13979
14418
11509
11109
15728
16625
13339
13265
13525
20656
10925
11710
13741
16290
10387
10656
10537
13838
17615
15286
17958
18751
18847
13980
16390
10060
11612
19526
14029
15565
20336
20931
13215
10355
18878
17928
13953
17030
15846
16109
19070
17721
18982
16961
12897
18622
11471
13627
19448
15211
17222
13450
20707
12338
11192
10086
12437
18539
13306
12962
18975
20594
15686
11524
19768
11255
12519
15715
12284
18411
18232
13430
11118
10933
18665
19555
11982
12355
12351
17980
14614
19222
14674
13205
16437
10218
13855
15687
14753
18338
15673
13622
19389
14209
12549
15692
12772
10593
13438
11977
18986
19719
13460
20826
12622
17067
12880
19738
18172
18940
16072
16674
13631
17633
20057
18562
18876
11004
19223
11241
14875
12365
16258
18982
13229
18158
12921
11213
11950
14253
16662
10617
10396
19999
19237
10971
12471
16013
19436
12627
11305
20990
20192
19985
12853
13109
13614
15298
15551
16683
13436
17034
20363
17030
14479
11418
10581
19423
19022
11088
13712
14183
20603
14622
19615
17092
15302
14017
10500
19509
11047
20903
12960
15653
20518
17442
14225
18993
18027
13927
19151
17893
20751
19650
12373
20387
19261
11507
19048
11088
13702
19366
15941
10471
20345
20053
19878
12122
12750
14661
19446
11022
19402
10058
19331
14337
17331
14921
13159
13290
20744
14200
14700
10886
11540
11147
14565
11424
16516
15329
12053
17625
17583
16442
15761
12668
15034
18988
13654
20920
10616
20274
14463
13923
17364
12030
18758
14239
19121
19778
17043
11337
14492
15749
12769
17856
14006
18784
15393
20011
12704
18968
19339
15107
20458
16341
13503
16528
18108
16287
17292
12099
15745
11104
15081
11550
12994
20752
12076
20893
15651
20201
12192
20536
10263
16305
11400
12942
14151
14247
16967
18715
19619
10180
14828
14125
14098
13829
10628
13108
16183
16140
13016
17704
10081
15703
15167
19128
17969
18711
11528
16156
19188
15220
19473
13736
18685
20319
12505
19664
16321
20576
16344
11711
19560
13442
12022
17922
16748
16063
19529
17750
20881
10964
19542
11597
20774
15214
15570
13485
14111
14718
10717
12581
12967
20184
16274
10332
11612
13309
14629
13071
12911
19913
15442
15138
10616
18480
10453
10087
10857
12711
17096
18148
16372
10621
18564
18967
10980
19632
18319
10081
14215
18062
16090
12255
18612
16172
16042
13372
17534
16195
12791
14251
19130
19533
20385
18978
19458
17511
19569
17771
15582
14149
16356
20949
15451
11438
15537
19121
10169
15156
11990
12266
14009
13973
19868
17457
20210
17213
18479
13608
10719
19326
18533
14634
11069
17664
19058
15616
19957
12332
14411
11477
12047
19540
13089
12348
14220
20484
18304
13163
12463
12983
16830
16451
13063
19155
19422
19949
19898
20863
19318
16545
10356
11472
13841
17165
16271
12402
13894
20228
15197
14502
11585
15364
20722
19568
14004
15003
11706
14183
20206
19328
14630
14173
11030
10849
19702
19961
11502
14913
16216
11038
12969
13710
14213
18620
20881
14152
10445
14410
20141
15423
11948
19872
17568
12541
11936
14699
20665
12664
14042
18867
12854
14117
16636
14237
15920
13563
20088
14916
14196
11343
14023
17408
18224
15944
17062
11066
11847
13531
15566
17139
11794
10814
18695
16269
19742
13405
10448
19290
18110
10162
11972
20355
11411
16253
13621
17354
12486
12497
20388
11329
10765
12759
11815
20243
15892
13924
13548
16730
19919
11722
11013
12985
12397
10405
15078
20856
13839
16425
14547
16043
19954
19012
16941
19912
17336
18697
10321
10641
10583
12673
19254
15674
11511
11855
14706
13036
20071
16925
20957
12211
16642
12026
18808
12169
12683
18282
18226
11236
12211
20070
12289
15216
18826
18367
16371
18232
14155
19994
11979
17868
12904
11318
16099
18901
13619
11861
13806
16483
11577
12994
12441
19612
18081
15626
15079
11318
17898
19308
20926
13480
15880
17201
17158
10805
16643
20947
14829
14451
13749
18122
13026
16803
11863
10091
14186
12512
14978
16137
20977
11779
11049
19503
14598
12625
12107
13091
13209
11577
18093
14197
10390
16123
10335
11587
14831
19503
17827
11124
19310
20326
12277
20574
16217
17967
17363
11662
18401
19078
17155
12870
13573
20579
15626
17333
17966
20021
20089
20867
10082
12119
14507
16655
17837
19262
16074
14950
12854
20162
13559
13555
16611
17102
18876
18932
16538
19588
18630
12599
18985
19215
10365
10920
14742
17899
13986
17507
12415
14184
11991
10542
18275
10061
11795
19621
12509
20927
14887
17868
13709
19971
14905
12080
19916
17484
10160
19010
18873
18113
12126
13660
12961
20799
10993
14799
19046
11286
17940
14493
17237
14402
16070
19911
15625
12180
11983
15094
13122
12863
20741
19660
16409
13318
10421
11641
16259
15864
19635
19085
14189
20099
20975
16003
15440
17861
17384
20529
15398
15735
19229
10211
16686
10315
16464
20632
12747
19711
16319
15746
13600
15462
20294
12268
17494
18588
18045
12994
17461
15912
12204
18797
20214
12225
18637
12524
16448
19921
16048
14748
12400
17210
13988
12274
13547
11182
19528
16101
18290
17327
17754
12657
14857
16768
18558
12189
10517
14650
18861
17959
15129
15366
10361
19130
20671
14440
15293
18662
11870
19243
11755
11856
20308
17208
10315
20522
10801
11716
18718
14479
13493
13809
15639
10021
11413
17589
12292
15891
17171
15457
18716
14209
20444
18368
19060
13543
13417
10300
20119
11279
17837
10942
17586
15280
12481
20084
16842
18874
19999
12313
15787
15883
17410
12303
16025
15688
15119
18661
11702
19732
18661
19095
18560
16582
13019
14334
13667
16174
12097
16858
10312
10091
19978
16444
12899
20965
11598
10189
13463
12359
17610
14270
17623
14846
20014
10373
15063
19545
16521
13860
20919
11315
10621
20386
13082
18764
18867
19482
17590
12297
19731
18637
15068
14012
20588
18209
11789
14834
14246
10199
11709
13523
12617
12471
12197
18152
13454
19517
20664
13666
18904
12649
10824
11677
13328
14321
18991
14283
10184
11703
19323
10372
15456
14196
12431
15655
20864
19533
15222
16924
16046
20145
19377
18570
13535
12499
16848
17883
15081
13214
11409
16083
12170
13592
15304
17621
16951
18712
10115
11535
11000
10237
11947
15495
17740
16184
12798
16190
17439
10985
18655
13428
20823
20017
10250
10049
11014
12576
19212
12493
19973
11929
16200
17077
19280
10289
15275
19179
13101
13950
15973
14093
18125
16676
18902
17608
18782
19893
17263
11226
14872
12215
16005
20279
12877
20488
11406
14645
19136
20634
20171
10195
14158
13474
15913
15024
17079
13255
14409
14573
19679
18394
18617
12410
15510
10829
11334
15681
16007
16587
12110
15080
13956
17981
15380
12451
18780
10499
20620
10079
10229
19161
11037
12706
16570
15423
16680
15755
17186
11348
10946
18686
14773
18060
16450
19399
13802
11741
16841
14265
14163
11444
12547
11133
14254
19085
15023
19647
18891
11244
17962
15114
14471
18439
17576
15742
11089
20981
11754
19046
11638
16388
13783
14504
11128
18634
14544
11196
12041
17494
13778
14651
14339
10498
13586
16805
18727
19200
10990
16236
10713
19723
16099
20284
11185
11258
14599
12845
17413
11201
15626
18660
12730
17989
15774
17737
15537
17975
16329
14054
16935
16400
13325
12378
10108
16360
19202
13047
15139
16707
12947
16872
16897
12636
19738
10564
20079
12195
18877
14552
15396
20960
19595
16978
10531
13823
12277
13409
14559
19718
10959
17220
20202
14867
12031
19016
12203
10958
12257
15737
19537
19735
18977
15513
18170
16852
13519
16986
20955
15702
15411
14065
19762
10955
14215
15943
10100
14213
13576
13787
14182
19026
19040
16702
18111
16176
20247
10027
17821
18449
19189
19751
15630
11266
10724
14541
17569
15559
18372
11709
18125
17056
11701
19494
19704
18316
12005
17385
18584
15816
10398
11965
14545
17242
10498
15627
20000
11028
12717
14936
11074
10881
11952
12471
17539
14469
20026
15247
10546
12625
10453
17524
17044
13289
14874
14569
20300
14515
14062
16562
10285
18270
14980
17788
10551
15305
14904
17011
17611
18107
20448
18784
13930
10396
12362
12454
19845
16284
18052
16704
10622
15245
15219
13655
12278
11051
20056
16106
19391
11857
14870
12099
17448
10028
15765
14628
20412
15922
17002
11590
13444
17673
15797
14268
10347
15503
13239
11605
15447
10658
19848
19549
20371
10331
10368
20176
13441
16679
11917
16435
10578
18397
14051
19753
13137
16702
18137
10233
20712
13156
20485
20136
14719
17888
12332
20534
13004
13429
18083
10784
15116
20582
19391
13003
18191
14653
18870
19665
15075
12440
18117
15160
20130
14814
16850
13641
13551
20509
10302
18716
14259
12463
14958
16121
12586
19376
19402
17381
19046
20648
15451
10997
20779
19770
16571
19424
18206
12891
19775
16397
19781
16132
11197
15905
19160
17410
11467
13605
17088
10428
14192
18777
13785
18773
19201
15855
12390
18263
10169
13402
15555
19539
13072
10029
14448
16175
18298
20609
18473
20563
13333
20516
12551
15763
16711
20322
18777
19114
10138
12068
19417
16455
18192
14245
17437
20758
13504
10513
18918
19367
17691
10682
12490
11187
13850
15120
17694
17012
16569
15363
20558
14128
13496
20553
13582
17649
19273
18404
10424
13985
16850
16349
17791
16955
20043
13682
11012
17865
20484
14355
13416
13946
19347
14665
16521
18832
14271
16536
16069
20566
14648
12760
12184
19616
13501
15368
20985
10240
10892
11048
18694
20223
14460
17179
10989
18673
10750
10327
19487
11998
14483
20659
17568
11320
12737
10252
13967
19728
17282
11606
12968
14605
19387
15757
15813
14846
13477
16041
13961
11967
12426
17382
13313
11867
20641
11496
10546
20032
12807
17169
13047
20820
19890
16926
10902
12745
20705
11493
10683
10027
20374
10626
13511
13398
16197
11298
13466
12091
18287
12526
16853
19510
20844
17427
10601
14473
18268
12776
16737
20582
19130
12380
17845
19588
10122
14273
20632
12808
15810
14653
19600
19045
18060
19843
12437
20177
16332
17046
12436
13148
18209
14707
15947
18225
13161
18961
10360
10180
10277
19029
13449
15244
19809
14972
18536
18362
11393
13750
14963
16521
16209
16983
11836
19815
20311
10936
17806
18869
12019
20965
11679
16528
10260
20827
12259
18274
14118
12265
16259
20891
18539
18979
14366
10403
18444
20592
16246
16564
12607
13544
11909
13771
12388
19172
14340
13331
11388
18837
15907
19654
12769
19263
10272
14475
15995
11451
18418
14602
20787
11222
14822
11957
14105
12599
15846
11660
16912
18718
16188
20618
12007
18695
12663
18056
14063
18655
18605
14627
20345
20144
17219
20767
17816
20504
18027
15492
16127
20096
15664
20536
16447
10066
20619
13613
20661
18764
20059
20220
19333
16088
11740
14992
13286
15748
14176
12920
11803
17655
10923
10781
16590
18700
12792
19510
15253
17037
15075
10108
19003
17814
13854
12320
11908
11237
17190
16437
12632
20764
14163
15687
11686
16586
16816
12596
14435
10325
12295
10337
12016
17581
15891
14645
15151
14845
20882
18482
12745
12048
12473
10189
18533
15685
19217
13597
17012
11704
10538
12386
20904
16394
18901
16143
10459
20755
11382
16499
12135
16178
12805
18898
15607
15140
11362
11951
19185
10258
15029
18137
15816
16128
11166
16533
14733
12556
10673
14698
17778
20144
17662
15449
13660
15287
10447
19903
12244
20223
13831
11690
18448
16521
13885
18089
20771
18091
11637
10622
10406
10244
14804
17190
13667
13873
16113
17561
11440
18379
14977
15869
15549
17162
18329
10556
10947
11190
15527
13878
12007
17167
15934
15096
15003
17253
11039
17965
19535
18886
14461
14995
11214
11629
17051
13872
10299
15282
19308
15297
20048
11101
17290
11065
11827
13372
17837
13444
19118
19444
19978
18950
13879
12634
16322
16350
18615
19543
10710
14409
12538
18149
10776
14633
11559
13016
11998
18466
12498
11241
15042
16849
19968
17722
14659
18321
18792
20471
14883
19236
20479
16700
13816
11694
20562
11706
14974
15994
12138
11377
13263
13792
20364
19152
13786
20812
14598
11824
16542
10939
16071
17641
16939
10873
12469
17426
14397
11661
18865
13161
16042
15269
18218
16091
12193
17607
14840
18823
19799
11733
17680
10688
19159
17336
19178
14169
19648
13893
20005
18935
20975
20673
10736
17670
18453
14498
11933
14138
18988
11027
14757
20764
19449
14808
20082
18919
15731
11965
20880
13938
16585
10233
13679
12662
18800
20156
14245
17614
18205
20537
11257
18924
13380
16656
17940
17733
15835
10391
11017
10533
19533
20671
11838
16697
11906
20245
10504
16167
18071
10237
19552
12997
13409
15855
12524
14467
16587
14272
20569
14411
16851
18067
18793
16480
10642
18449
16016
12762
18393
19506
18265
18105
15079
15731
16604
16859
11339
14064
10378
17734
18752
14238
14139
16508
11840
17744
18063
10360
17131
19396
14970
18604
16512
17658
16811
15766
20959
10632
19715
20515
18057
20224
11672
13802
20181
14645
13612
10771
19896
16217
18668
17584
20246
15481
10226
18103
18397
13074
18930
10030
11358
15083
20664
17411
13159
14411
16369
18017
19775
12925
19854
13379
11259
13855
11145
11345
10624
14708
12526
19383
16948
16340
14459
17289
16789
13659
19593
15462
10415
10790
18730
16520
12939
10530
10902
17001
14087
20088
13046
12722
20509
20602
11476
18881
16180
10996
19120
18864
20045
17580
11246
11150
15657
15109
14400
10351
10792
15362
18745
14980
13551
13177
10335
14604
20049
14409
19461
13220
10679
10383
10954
15848
14406
17903
20923
19163
12650
18760
20676
13413
17427
10049
10137
16493
20219
19380
19059
12805
17115
16568
10197
13603
12344
16208
15649
14999
11374
18851
19272
20691
11128
10451
16588
18675
11553
18041
18939
13862
11132
12091
10549
16434
20734
15867
19251
10041
20983
18155
14415
15189
16865
12224
17271
14884
13613
16666
10149
20367
14717
13750
12218
10265
20093
18058
19510
11138
19875
16850
13417
19055
12170
12846
18867
10337
18408
18185
14004
12745
11952
15704
11666
11675
20649
17118
15583
13134
15741
14004
17262
13290
19075
11740
13645
15656
11242
10726
15508
15755
10831
16383
17867
18438
18934
14574
16285
15745
17435
16794
10691
19487
19492
19829
15051
18660
10750
11971
14970
10550
18662
17798
15649
17665
12519
10653
16740
14329
14546
16931
14230
10454
19243
11081
16064
16412
19081
11959
17986
13468
10723
18032
12350
18758
11297
19635
19317
20055
20904
10775
17403
18742
20116
17220
11763
14971
10671
17972
20546
13613
20704
13875
17858
15644
16707
16501
19745
18474
16483
10523
11841
18477
13457
11173
20359
11454
20269
13342
19133
14463
10156
13581
16852
12697
15296
16655
16919
20196
13420
13240
17060
16647
19836
18660
14911
13020
10008
13966
14051
19678
12962
15493
16071
17053
19245
13749
13061
12920
15048
11837
18475
11498
16962
17609
20103
18712
20067
10031
13683
20017
14216
15224
11388
12628
18347
11926
13063
12410
14738
14325
17210
15463
20426
11060
12734
12437
12269
13885
13425
20266
16462
12030
18155
16342
15908
18747
11191
19607
11338
10722
17428
19433
12243
14833
18407
10126
12226
17452
16952
19960
18434
19055
16789
19205
15037
12347
14185
18626
19986
17266
12756
13180
14657
13598
16148
11548
16344
19551
20056
14737
20120
11312
17735
15971
13962
15872
18536
18994
20216
14566
14960
11084
20730
11643
18541
17554
16177
12856
12689
15249
20442
13383
13612
16574
20013
14420
18388
10383
17718
15611
14422
11594
19982
14741
12570
17594
16375
11471
12478
12592
13654
14863
13659
10620
19573
10412
18457
15946
11516
18603
12586
19653
12660
13797
14806
11797
16412
13779
12360
11550
19477
15908
11365
20612
12102
11779
18073
20149
18528
19842
12948
11225
18041
15899
13268
10630
16333
20804
14217
18579
17247
15012
13424
19908
14708
20151
20773
14107
17362
17715
12280
19123
11111
20176
11263
18936
16285
10199
14339
10072
13284
16298
10503
20568
17311
18339
18456
18629
15161
15611
19757
11167
15647
14457
16746
20126
20850
17111
16953
14812
16998
15857
16737
13186
10958
13167
17999
11861
16258
10092
19830
19890
17561
15815
11679
11836
12807
12732
18827
14566
18063
14866
19671
13823
20642
13731
19311
19807
18724
20586
13990
13994
18165
17092
10902
15205
11991
18634
16302
14452
14405
16426
17636
14414
19037
20002
12950
16257
19317
18165
14298
12697
12424
19202
19880
16419
17986
16587
15993
14983
20045
13009
17182
20032
20725
13335
13723
19783
17956
17442
19707
19393
18712
16485
10944
19238
12501
18811
17826
13981
17822
16523
14420
17720
20967
11080
13118
19743
10037
20723
17205
11496
18753
10362
14910
15886
10811
18674
20597
12607
11324
14808
19019
16656
20946
20808
10863
13727
16165
15609
12330
11857
10772
15525
13793
16074
20731
20346
14394
10016
16710
19169
12408
11079
17348
15816
19558
19274
16122
13007
19696
14511
10091
15540
16955
18148
18307
19562
10464
15624
12374
14746
10593
11047
11506
15074
10592
16798
18913
12944
10385
18747
12279
18429
17929
18187
12847
12678
18263
17954
14922
19117
18223
20421
19578
18329
12221
15042
17090
13987
15469
15483
19631
20741
11099
12669
11238
14410
16550
12931
13948
10368
17049
15643
13992
16598
12690
14139
16844
12593
10396
12268
16779
19984
11581
19485
18736
14174
16833
16381
18667
11305
15023
17535
17935
14075
15203
10838
15960
15869
12814
20694
15192
10900
17928
15197
11378
20557
18107
11129
19052
10700
20711
15145
14366
13688
10982
11273
14421
20582
19252
12186
16603
11473
14772
14568
10828
18029
14370
15792
17891
11150
11330
18991
11506
10637
11027
18053
16335
16378
13610
16785
19623
13922
10610
12094
13313
20811
18982
11801
15561
12965
19165
12638
11893
18282
10394
12553
10987
17160
10551
14964
13608
14211
11902
15824
19405
13557
17919
19176
13129
10443
20774
10705
18030
16870
12407
10159
20880
15005
18286
10257
11457
10121
10069
19328
11797
13583
18168
12967
14682
14613
17443
17253
20910
18811
15777
13184
17176
19136
10518
14644
11706
14619
12123
13424
12056
18597
13881
12979
14937
17349
12328
13280
15160
15222
10803
14687
16894
12298
17970
17821
11621
15176
18503
10148
14686
17410
10849
15493
17321
13762
15086
15078
16765
12100
14270
20423
17232
13738
20533
14173
12503
14857
10930
11570
20990
20049
14375
13789
14891
12891
11487
15584
14326
13995
11503
18583
18117
19372
16204
10995
14759
13561
20193
16528
19083
11292
11976
20137
13106
18107
13199
18303
13821
17891
10591
20553
20389
14610
15424
10184
20288
10736
14445
17812
20960
12642
14809
18451
15595
19951
10829
17741
12579
15723
10752
17218
20138
16968
10556
19404
12155
10667
10676
13227
11345
10623
10940
13558
16997
18407
13873
12529
20346
12132
16566
15670
16077
16577
12705
17057
12072
19787
16274
16171
13296
13031
17393
18708
11121
12360
12105
11061
11870
17807
12062
18665
11760
10616
19801
16123
15244
14924
17128
12786
14897
14810
17382
10921
11173
20947
17017
17925
10149
13458
11978
19852
19928
16741
11028
18750
20696
18377
16964
15549
10966
11755
15200
20713
12866
16742
14728
11711
15337
11708
20743
15543
10632
16324
19659
13995
13364
13628
10775
14143
17920
15675
18040
16794
12609
13346
10227
16406
18861
15080
18437
16350
17608
20839
18544
16490
12113
20202
13114
12174
13813
12171
16290
17526
12190
12188
14850
12909
16275
17692
18966
19290
18037
15631
17465
17152
20342
10657
16914
20699
20330
12457
14793
12963
19990
12897
18297
14331
13784
13420
11630
11056
19168
14311
13582
14149
17702
11687
19487
13762
21000
18059
15612
10845
18407
14890
13704
18253
10061
19076
10601
10611
14344
16753
16224
16118
17535
15097
18262
20656
17970
17831
12173
20323
17420
17548
12856
15233
17898
16910
18754
16550
18727
13409
16174
15070
17967
12912
18813
19596
12763
19111
14516
20986
14513
11448
13763
15950
12706
20420
10511
10789
17150
11901
16404
19326
14953
19849
20859
19359
16304
12155
16468
20804
11775
18427
13367
16216
18345
17745
15771
12242
14480
19942
20580
18425
13083
13719
19288
10280
16751
10859
10564
19561
11187
14235
18005
15813
14537
13436
14565
20562
17678
10398
12062
15603
13987
18650
15149
13981
16453
20472
11621
19653
15958
18522
16051
20713
11331
13579
20990
19678
18477
15342
11503
10493
19076
14722
11007
17891
16405
10774
10587
15667
20015
17311
17355
12177
12875
16458
16224
10460
13030
13475
19008
20955
19427
19042
10339
13966
10717
20195
11559
13836
15629
15796
13910
17988
18907
13257
16820
20352
15692
11272
17130
12186
13200
15770
15758
14119
15883
11868
10460
12977
17207
11250
20109
20415
15856
12349
17498
16509
18124
15112
19046
14042
13969
15148
18137
15348
14011
15644
15531
11460
18528
12003
20079
13885
18451
11590
17151
17601
14280
10204
11327
12615
18903
15714
12601
18989
14574
10463
12228
10398
10888
14592
17006
15930
10681
15345
18079
10975
10001
20567
14576
10475
18855
12587
19076
10826
11285
19387
13066
14945
20586
11965
14193
10374
18622
15995
11156
14230
12979
12173
10375
10761
12784
20638
17018
20024
14883
13480
18017
10421
16545
13297
11242
13178
11390
16529
16024
16563
18614
16700
13483
17230
14643
11626
19525
15455
20712
11692
19520
13312
12280
17758
15155
13953
17541
17456
15624
19501
16296
10753
10677
16135
11913
16005
19936
11020
19590
12739
17356
20607
18878
13292
17376
20809
10106
14435
13595
10898
19702
16523
11846
14078
16674
15745
16535
19679
19584
10921
14311
16284
17142
12528
19935
14831
19250
18802
11265
16413
15344
11924
11995
11240
17779
17986
11077
13652
18305
15829
17606
19780
17638
18937
18406
13578
19290
17059
18988
14440
16722
13616
13446
20199
12688
14161
17945
13326
15437
19817
17463
10465
16187
20228
15981
10208
14875
10772
12819
10188
17662
13910
18413
13998
20955
13634
18012
19505
18130
15709
15194
17308
19068
10357
17705
10893
20007
20472
14088
13993
16423
12074
16101
12163
19884
17478
20329
14510
12423
13707
13492
20218
12491
18898
10223
14446
15861
15300
11737
18078
12748
19178
20757
16537
10464
19311
14569
18275
15793
13225
16460
15862
16297
11668
17222
18645
14413
16807
15718
18490
19645
10396
19761
13491
16545
14178
20233
19119
14094
16207
15620
14145
19361
14295
14189
15226
12598
11698
16199
14983
13713
14278
16877
11213
19465
16711
13946
18955
10775
18860
19486
17629
14634
11107
16460
10368
10550
11750
13017
19987
11175
11460
18301
19330
10419
14702
10297
14516
13436
20276
12510
19064
14488
19383
19029
19205
14577
14357
10671
16885
15479
13592
20801
17145
11944
18543
16949
10315
10421
10905
12820
12825
18429
14271
12457
17712
16585
16881
15496
15966
14493
12887
17042
11348
10079
15377
16395
15434
13786
15956
18181
13418
16911
14548
18388
13308
18017
17183
16778
14784
13641
19020
16481
10181
15454
16205
10541
16744
15086
13586
18928
14704
12983
18349
18503
12125
20451
12977
14706
10871
12929
14047
20883
10344
11349
10118
20176
18044
18520
16852
14793
17409
14437
16648
20674
12665
11738
17297
13983
12631
14930
13468
13355
11984
12949
14395
18312
10083
20256
13983
13833
10059
14023
13818
13241
16162
15375
16108
10691
16501
17414
18392
20656
14534
12263
10627
19777
15382
16800
19738
18516
12554
15241
16393
11100
18416
13993
10413
14200
16962
17416
13386
18648
19888
10973
10049
20326
20477
20284
12977
19645
19161
12500
18738
19428
11631
17257
14361
16281
20487
18121
17077
19934
12456
16311
19033
12660
19723
12822
16039
16802
16063
20911
18803
15750
16012
19701
11094
10264
16029
19659
16366
16042
18796
10229
17458
13503
13409
20250
13368
14981
11173
17484
14085
10398
17324
20126
20885
15687
19164
16602
14476
17738
14471
15930
10949
20621
15911
16335
15305
18019
11470
14622
14782
20081
20652
14684
14859
18180
14685
13978
11002
20331
11505
18285
11738
17513
17737
19056
13037
16845
17012
12593
16962
20887
14259
18673
14099
13623
17970
18596
18510
12071
16588
13634
12399
13691
11256
14512
17705
16346
14381
13960
18631
17581
11134
13995
15808
19926
12874
13827
18651
20679
18015
14944
14341
13013
17564
12743
17126
16364
10381
18787
14198
14483
17505
14477
16618
20168
15445
15888
17093
20929
15284
20973
14537
18499
17357
17847
12002
15011
18042
12841
14346
11895
14239
20189
12490
12922
15862
19137
11409
16442
12542
14871
17101
12233
20973
13133
10227
13901
19759
12574
11608
20020
12080
16243
14856
20603
17992
10489
11132
19557
18916
17098
12507
15792
17792
15669
19514
13063
17855
20904
12082
14082
10000
10425
13536
17776
18241
18905
13678
16048
15984
10185
14770
15009
12496
16635
17513
19465
20312
13413
11283
17410
16047
12501
15877
14706
12715
19177
17077
20960
15775
12484
14636
13340
19696
12839
13912
13657
12923
18690
15254
15359
15713
15956
19491
10392
17093
17895
18411
12434
16443
15393
15385
14765
13737
13764
15284
13943
10957
14973
11889
10165
10634
18768
15135
14101
13686
17257
14023
20104
12982
19043
12879
19671
15812
18910
17749
14278
20319
18982
13852
16953
16484
12841
17185
14925
13142
13669
11301
19330
14311
17977
19368
17291
20772
14934
15164
17655
19329
18108
10130
17029
18358
20782
19783
15986
11954
17397
15499
16043
11981
11785
15062
10035
12593
17348
11995
12214
20149
16898
15527
16247
20409
19679
19780
11636
15893
20271
16229
14777
17603
10152
12943
16068
15947
20128
16114
11239
11448
14629
12111
17950
12858
17150
12941
12238
17239
17317
16602
18150
19811
10806
20771
16378
17251
10795
13607
20263
16906
11317
20304
16085
17738
10953
19604
17809
14665
13636
13328
12028
10558
18137
15204
11311
10842
17360
20330
10018
17240
14158
15215
14696
16777
12478
11127
12558
17069
15095
12843
13372
15500
10115
15941
19989
10278
13101
17346
20578
15119
16679
11786
13939
14163
16914
10201
17406
16269
15389
10380
11859
10058
15701
10217
10251
12999
16404
17760
10906
20243
11095
16122
10023
10075
16778
17557
19072
10018
16860
11046
14844
15209
14737
16884
19784
17951
16405
12994
12724
15887
11409
15459
20575
14617
12278
15594
16206
16721
10395
20397
11560
16034
12928
18153
13131
10669
19392
13786
13730
11953
19536
10355
16164
17511
18766
18998
10236
11857
18895
13667
10921
18479
15215
14932
16819
20270
15476
19811
15745
19624
19072
17141
20012
14747
14918
12531
17882
10058
17909
11892
11257
17253
12547
11925
15132
14450
18616
10275
17588
14495
16814
12108
12932
15294
18737
20125
18700
16439
12636
12140
15469
12048
11252
20273
14374
14816
16785
11667
17746
20882
10497
19443
10356
11528
14217
14812
19037
15139
10334
15823
19354
10765
15704
13608
20678
10021
17190
15106
14897
14245
20006
16474
15886
16731
15896
15464
12841
13173
16891
17820
16921
17310
16508
16677
20913
14474
14648
19166
19673
12386
17551
16110
19057
16263
11917
16107
14784
19585
17081
19206
18752
15554
12622
14630
11985
18853
20585
17707
16121
15609
12360
17449
19563
10616
19805
15404
15164
11935
20013
10763
19007
11847
17355
14995
12110
18018
14797
16667
14082
13747
19815
12318
12344
10471
13842
13887
10971
18995
17659
19923
15095
12240
19157
17791
18351
17815
20104
10064
16393
19386
19781
13439
13180
20993
19473
14277
17262
19060
11952
10255
15657
13372
19694
16364
18996
12783
13179
15160
10124
20119
17258
19267
18022
15172
10906
10402
10768
18702
17005
20644
13813
11420
19876
12958
13431
14048
11969
20195
20026
20169
12367
13884
17800
17008
19724
15770
14169
10998
14626
11689
20459
15275
13917
20968
18910
17604
19951
10320
13846
18187
18577
12380
13378
11272
13435
13016
13806
18741
12849
15443
13955
11685
20092
10997
12627
20206
15082
10376
12276
20602
20549
19078
13228
17484
16171
13796
19795
13806
15515
10314
10578
13970
19827
10145
17101
13129
20307
10503
16466
17834
12794
13491
17486
17511
13651
13944
20604
11976
19892
19706
10674
18851
13237
17616
16522
12195
15717
12999
19002
11087
13901
18026
11593
11998
16722
11865
14146
19787
20304
17724
17548
10037
11123
20095
17598
18214
14018
11695
16031
17783
16846
15621
13341
14779
13401
15733
13972
19345
13777
17332
10352
12553
10428
11460
20941
10606
16576
17452
10841
19278
16421
11955
18729
19936
17988
18455
13850
14413
13866
11283
12028
20013
19834
15231
12164
13011
20650
19428
10050
13096
17283
13346
11259
19102
20979
13729
19074
13643
20723
11480
17632
17221
12414
13870
10713
18220
17190
17495
14286
12532
15793
17627
19029
14458
14952
16950
20692
16793
11609
12612
15301
19600
20898
17009
18374
17853
12165
16500
18874
16177
20487
12500
18143
17318
13531
19462
20885
15256
15194
19578
17196
16257
13059
18229
10526
12073
17149
12305
19900
12703
18104
13434
15737
13240
18681
13058
16413
16476
12724
13165
19795
17942
15364
19533
10675
16078
14968
12338
18696
12524
17074
15780
12941
17485
19500
13203
15259
16231
10654
11931
10701
20363
14131
20700
18441
15173
12321
19839
15922
10518
14800
10565
11961
17049
11996
16312
13973
14640
16194
17510
15539
19020
17394
17463
13051
20233
20753
10413
16398
13433
20710
10672
12395
16045
10770
18872
12058
17647
15490
12721
10736
11595
16749
12284
18747
14918
15089
15714
11812
13661
19186
13461
19542
15193
10599
20717
19653
16313
16978
10861
12253
12348
11252
17365
12791
14489
18002
12639
18481
17233
15642
17609
11497
20890
14655
18217
19125
17571
18181
10546
13052
13184
10644
11068
18129
17936
15593
10583
17453
16329
14532
10140
12984
12550
14945
11116
15048
10500
11081
14491
16628
20552
16491
17762
10173
17162
13035
11363
17899
11597
19913
12996
13837
15473
13252
16223
17922
10071
10625
13132
11746
15326
13314
19266
15118
17020
10767
10234
11411
18034
10659
14780
20407
15781
20665
12733
11626
15878
20921
20299
13643
20023
14639
10582
17893
15787
13129
11070
13173
16993
10422
18081
19457
13453
16334
15220
15698
18069
20393
16094
15811
13139
10166
10164
11097
16406
13621
18356
12170
17969
10496
16058
10959
12966
19986
11177
15076
15918
20044
19585
17247
11288
16330
15030
20205
14967
10164
19540
20201
18224
17542
10480
15766
20259
11381
19531
12620
15982
12148
14206
12018
16988
14682
13447
14680
19532
19406
18830
15124
20557
13615
17401
16811
13928
16939
11004
15247
19645
20405
17129
16769
19949
11339
15945
10497
20996
18451
17876
18874
18790
20901
17465
18359
18541
11805
14777
12463
12813
16006
14416
13989
12573
15916
12152
10681
17888
17189
20029
16089
13131
10924
18211
14368
20596
16745
15330
13618
11101
13405
11683
17773
15530
19215
18800
17855
14254
14382
13426
19853
10888
15345
10509
20112
19741
17504
10825
20159
17772
12777
14314
10020
18695
12846
17972
15265
20696
10413
16367
17183
14059
12421
18189
14764
15696
13780
14156
11695
12243
11129
17547
14442
17501
12648
12564
13787
20214
18509
12138
10978
12150
19402
16450
17818
17528
10533
18524
14815
12959
20726
16550
20524
16816
19658
15559
15242
16112
19410
15208
19439
17687
18010
10565
17530
19070
14065
17919
11973
18569
12832
19095
14302
12162
19144
16647
12401
19340
19949
19672
13720
18421
15005
19344
15107
14280
12775
10421
18814
20641
10053
19174
16675
18926
16252
18625
13734
18471
18027
16259
16298
19067
19543
14727
18652
13092
19528
15828
16035
10919
14771
20149
10045
18801
10558
10763
11402
19364
13491
11006
17350
20552
13869
20158
13185
16430
14162
16674
17866
15957
12836
12488
10107
11246
12553
19198
15686
20896
11614
10171
14814
18016
11284
19624
13973
19548
20105
14375
17212
14236
14979
18706
10521
20736
11204
18202
17642
13556
16366
18082
17822
15265
17496
19248
10605
17887
11645
13590
10386
18140
19425
14033
11737
13181
17250
16213
13448
14923
16674
14495
11609
18184
15220
15972
17681
20513
17647
18129
19900
16281
15165
12321
11420
18664
12542
16102
15871
19935
10427
15091
19812
10162
20646
10793
14726
12421
12118
12390
14468
14522
18420
17468
16079
19887
10382
19307
20168
14331
16576
16983
20036
19952
11772
16404
12631
17993
16634
16026
11654
17983
18952
12783
20011
13408
11202
16438
11740
13368
10868
18717
17103
11464
18072
17624
19611
11188
13164
19237
11562
12535
11129
19015
13758
17835
13152
12271
17023
13804
18136
11695
15728
14993
20023
16044
13736
15664
12811
10215
15342
11235
12981
13771
20163
19664
15139
17631
20341
14221
12870
14031
16743
15073
16478
10083
15837
11574
13754
14367
11754
15579
16152
20360
13713
17695
20202
14657
15124
10700
16467
16335
17802
12282
18419
17718
19030
11062
14219
14383
18684
16425
18549
18086
14903
13285
14383
17908
14359
15851
16458
16115
12694
11918
18472
20695
11345
10666
17553
15664
15709
10253
19357
19218
10937
10373
14973
19779
18465
19713
16236
12713
12032
19439
12009
17140
13127
18749
14281
10088
18171
12714
18520
11058
12749
16564
12159
17972
10220
16300
20737
14117
14676
19508
10092
13473
20550
10924
11616
17240
16481
13000
10175
13531
20778
17468
10980
14690
14106
12601
13653
19871
17962
19638
19616
15373
16566
17724
17624
18304
14004
14944
19559
11078
17397
16404
17092
14861
11580
16008
13452
12965
17833
14005
15608
15697
10951
18648
20126
14625
18612
10593
15122
18025
16519
13538
15157
19187
11776
13758
14630
18888
20130
11451
12928
20389
12022
13410
15662
16192
10162
18412
12163
19196
19461
18535
15513
16827
13751
20521
14620
17638
16809
13086
18960
11334
15138
14554
20547
19256
15960
12579
10053
12043
18160
17734
15168
10045
12744
14467
14160
20597
10125
11229
13749
18021
11943
20879
14780
17430
19415
12181
19289
15458
17364
11797
20270
13633
13315
19669
10677
17807
10924
16626
15033
12808
16462
13190
13036
18761
17810
17105
20350
11234
19974
10155
14676
15650
20993
15727
15772
17592
10313
11723
17737
19983
13940
11015
13985
14040
14001
12678
10269
13951
17268
15826
14684
19493
18138
15827
16736
20697
20051
14709
15379
18387
15494
15744
11588
19665
20537
11087
13957
10788
18832
17557
10640
17397
17452
11249
19281
20888
10790
12475
13329
15595
12422
15304
16038
19452
18918
14460
11595
14367
20769
17699
15504
16736
11453
16671
11983
14023
14865
13584
10814
20732
17812
14926
16910
19841
17047
10988
11774
11071
15318
14801
12543
18012
16799
12062
15062
17824
15054
20291
15130
16421
13990
18026
10484
16744
20083
15327
19454
20797
11194
20068
17906
10812
18231
13236
14829
19880
12691
19554
16790
19793
18688
16291
10139
16677
20604
19757
14334
20091
16673
17719
12217
13886
18361
18159
16887
17590
12091
11541
19760
14613
17845
15380
19634
11615
20791
19861
16217
15281
14285
12325
13920
14671
13654
12961
17106
10322
18845
13688
16842
13063
12137
20648
10666
20024
15737
18393
19383
20201
13600
10823
12267
10878
19108
20303
12794
11690
18112
14972
11539
19213
14339
12991
10959
20087
11943
16973
18148
13155
18602
18682
16495
12701
17260
11731
15952
19489
16420
20549
15626
14793
14634
13713
19347
13288
11944
17167
11122
20025
20077
10966
20730
12789
12424
15073
14319
15613
15500
12254
13391
19972
17055
10289
11240
14804
17802
10957
15137
14060
15405
20337
12192
19653
11756
16535
14591
19222
16837
20930
16434
17172
17719
12224
14214
11794
13892
16943
16769
10381
18707
11985
13862
17991
17471
20344
11854
16724
16618
18313
10039
13508
17893
11879
12851
20131
18527
11137
12691
15319
11241
10802
18389
10513
15288
20335
10073
15560
17921
15038
18785
10876
18270
15921
13817
12232
11442
13566
11313
16914
18685
20987
11943
18797
19621
12451
11238
13913
14243
18301
14298
13813
10364
16891
12681
18902
15375
16093
13346
13604
14196
11956
20617
16524
11411
16437
17967
17099
11219
15640
19354
10851
14756
17087
17662
10858
19271
16356
13367
12413
20751
11183
11500
12917
18416
15869
16787
15015
16248
19740
12698
18435
19336
10986
17549
20265
12680
19409
11245
19500
15628
12533
19270
15177
13507
16212
13017
19072
14330
20001
15409
16664
16729
10662
16743
12590
14104
11048
10322
10515
11545
10089
18845
18298
20816
16380
18823
10721
18838
11693
17845
15787
17710
11829
19279
14760
20324
13802
19966
16714
10282
13431
12118
12547
12987
10369
13556
20740
19634
19749
20179
20269
10125
16662
15002
16447
17597
20919
13098
10670
14485
12698
11924
13076
13304
19071
17469
18940
11685
19094
13775
10987
14651
16969
13129
17654
14150
12456
18520
17465
18642
17389
13984
13779
10403
13762
17461
18388
14372
14481
20296
17541
18156
20848
20893
15311
12245
13041
17658
16342
14322
12225
19716
16130
15696
10095
16032
11920
17900
18329
16804
11145
17528
15309
16955
15795
16253
13479
10863
15733
11180
17353
12403
20918
19820
12889
17629
10670
13986
15332
14702
20720
20442
12545
15097
12862
20574
12384
15584
19582
14025
15658
14831
10474
17282
19350
12272
19481
14814
12061
20702
11878
13391
18121
16218
10419
12636
14643
13733
14279
13527
11765
18260
19167
13366
17771
15121
20273
20357
18241
10455
17317
20643
19696
12739
14261
17294
11372
19141
17205
15662
10976
11907
16483
16565
16936
19768
12299
20786
13939
13350
11785
11501
14317
11103
16476
11198
13378
17129
16442
14383
13829
15257
15771
11522
15853
16862
12318
16693
16357
20238
12058
11297
10694
11600
15138
11729
19325
15279
14006
11641
12264
19893
18092
17522
16923
16004
11603
14542
19971
16030
10940
13127
17998
17426
20315
18068
15891
20581
10619
19276
13047
20790
15839
13596
13739
14092
10897
17682
17836
20864
15864
16408
15375
17013
20962
20433
14937
19228
16547
11265
13095
13771
13315
16880
18915
17239
10114
18244
11122
14722
11808
20107
18690
18609
15876
13602
12247
19040
12913
13884
20035
18311
15397
13668
10984
11043
11023
17072
15751
17044
12824
19796
20194
18068
17171
13524
10934
20224
15397
20170
16002
14990
11203
20951
10542
10527
10085
12384
17854
18702
18832
15853
16629
13531
17768
10558
15538
10792
19688
10615
12690
15376
16724
11403
14292
14710
18617
20734
17773
20256
19842
11102
19688
13499
16800
18689
17696
17170
12186
18804
12002
13196
20283
14356
16730
13308
10141
13634
17351
11340
18177
16329
18559
18499
13165
16408
13520
14621
16681
11006
12197
14906
14256
16848
10787
16022
10256
11503
16509
19239
17981
16088
15260
10647
13547
16949
12088
15540
18622
20349
11089
10001
10137
10367
14704
13758
10947
19996
19054
11137
10428
17209
15678
10285
12127
19693
15337
13402
20609
13811
13264
14007
20218
18141
16195
10506
11279
14374
14676
19870
14053
19527
15309
15744
11555
13517
19862
13772
20230
10688
17633
19375
14532
13665
11862
14586
14345
11675
11362
16904
19066
16509
11389
19965
17172
11681
12131
19796
18004
11961
20552
10702
10144
10290
14567
20625
17425
11468
13829
20262
17627
20666
10685
13271
10846
15418
20135
20462
18391
18863
17107
20848
16890
13979
13585
20026
11722
13040
17380
18781
20212
11426
13923
11166
13933
16050
18001
13702
18341
15414
12377
10565
20272
11345
17362
12832
15237
16491
18247
19573
14976
15183
17299
11346
12490
14434
10593
13196
12347
16118
16260
18031
19389
20618
10946
10547
12912
14358
12811
15948
10207
13154
11767
10949
15214
11235
15272
13251
16405
20295
19699
19425
18399
16302
11076
17687
20989
12810
13752
13372
19761
10000
18379
13830
16758
19280
18804
11049
15661
17005
11947
12235
14707
12172
12824
20923
17660
11188
13671
11504
13240
10114
20197
15140
19443
12534
12951
19436
19828
10600
11856
11370
20855
18669
19194
12215
12167
16471
16728
15548
15732
14727
15252
17354
19488
19168
13869
15021
20148
15595
13468
13903
15562
15863
13770
17475
17472
11573
14578
20071
10771
17977
10601
17179
16581
14432
14376
15789
19306
10841
11583
19260
17659
11147
12141
13445
19158
15181
18521
13651
15246
14335
13495
15927
14010
20654
12636
15099
20280
10553
12070
17347
13118
16847
15581
13610
13598
11733
17705
19491
19252
18640
10927
10231
11500
18165
17996
11789
20041
16007
19684
16104
19948
19400
11553
13625
11954
16590
14750
10252
16222
10123
10182
16324
16581
13402
14862
10623
13734
13795
13280
19825
16613
20794
20198
15646
12231
18804
13619
16839
13696
10396
13918
13530
13718
12869
19168
14571
10512
12333
20054
13503
19853
11709
14465
18503
15396
12742
13309
20077
18997
20979
13161
19201
20774
12049
18840
15762
17851
12520
13118
18589
14562
11320
14398
20482
10571
18116
16752
16120
12691
19543
20348
12145
10877
16121
10644
16223
19468
15412
20064
13010
18458
13688
14609
20389
19630
12514
13504
10971
14047
10979
16222
11529
20266
16844
10854
20077
16788
13804
10111
16814
13864
11106
20853
17419
13513
18508
18877
16445
19548
12733
12103
13770
15380
13224
13591
18662
10280
20022
11068
10834
15369
14676
18145
19612
20989
14239
13548
17537
13044
11429
15506
18375
14554
19281
19641
14833
12150
16500
12430
12533
13961
15771
10248
18990
18838
20106
19312
12468
10315
15740
17065
10780
10829
15269
11933
15409
12101
13227
17202
13633
20881
10745
11845
19599
15304
14679
10539
13734
17570
14704
20395
19821
16927
10102
17096
20014
16569
12480
16454
10431
13879
20484
13600
11946
19704
18469
14546
16858
16669
14218
13656
20312
20725
20064
16919
18607
20526
13590
15493
14696
10183
12565
16492
15032
18639
20989
10653
15503
14695
19222
19213
19600
10564
16806
19124
12865
19083
13281
15689
15335
15147
20262
20195
12876
19676
15996
14409
20796
18934
15745
16453
10261
15215
19047
16592
15279
13998
18760
19404
16481
19315
16181
10288
14021
19674
11853
15582
20574
20280
20029
16613
20261
12141
12217
11070
11997
19610
17668
14535
15008
19479
13563
17149
17324
13966
15486
13830
12752
11541
19233
13678
10464
11389
19218
17802
17271
17661
11256
14361
17182
10504
16839
14386
17745
14273
12149
20362
11935
16448
10280
18057
15484
12625
13673
18191
13100
14180
14345
20831
12011
13724
19288
14425
12067
17032
10553
15827
20286
15137
10062
15078
13366
18285
13953
12223
18478
16069
14060
19483
20240
20176
15527
15221
15722
19243
15083
15049
14958
15944
14096
10717
13484
17441
13067
19874
12265
12687
10847
16930
16511
14973
14967
18099
14449
17941
16329
14194
15877
20259
10115
10142
15964
12890
10131
15324
12243
10802
16168
13996
20100
12170
16236
17383
17380
18434
18209
12817
13434
18217
17826
11659
16062
11251
18155
13030
18776
15886
11080
12718
13722
11604
11651
14467
12091
14002
16958
13711
18340
13632
13412
20025
12910
18466
16876
14191
20249
12351
12605
18581
14977
15468
17279
13104
12368
17843
13085
17042
19423
14176
14509
17194
20823
18424
14218
10315
11499
13940
15270
20003
20328
17080
11615
16960
17083
10812
15443
15277
15589
12313
12134
17551
20459
18592
16224
10819
17196
11993
11975
16389
11237
13875
16286
10391
12331
14377
20086
10428
10686
16189
20177
16042
19419
10644
19309
20709
17321
11114
12646
11863
16673
11174
15283
20263
20239
11322
13216
17898
14799
11867
15178
11975
18893
20535
18246
17158
19153
19116
17120
20041
18316
17682
20837
17960
15709
20133
20281
13789
20079
12035
17019
15649
16684
13848
11379
20306
14227
20531
14394
19764
19399
17910
14237
18778
12535
17070
13295
11222
18803
14654
10805
18379
14903
18570
20459
17483
20345
13429
20066
19651
17926
19267
10808
14214
16011
19868
10642
13180
17415
15665
12915
19631
18199
19778
14327
10683
20966
13240
18829
17464
11902
11688
10990
17897
18457
16707
13058
19562
20447
18477
10582
10117
17988
10386
19045
20010
13700
17861
18548
11358
17820
15613
18626
18774
20082
13402
18804
17177
16296
18354
20565
19824
10882
12201
19910
15152
17364
10774
17668
17105
16365
14928
20117
16828
12572
16845
12449
14725
19584
17094
18183
14197
15886
20748
17425
19728
19992
14103
10134
10256
17098
13910
14027
18513
16869
19630
17397
11745
19875
20769
19338
18043
19467
16434
16864
19532
14946
15627
12735
13102
17819
18213
10438
11465
10827
12844
10266
15835
19130
18771
13527
12045
12089
10845
10882
12072
16939
19428
13552
14073
20907
20776
20531
15556
11746
14357
12183
15452
13288
12978
12192
15395
14006
12965
15374
19430
16783
18090
16358
11783
15393
16534
15744
16292
14973
13428
20633
14240
15706
13283
13700
20078
19162
14570
10435
15784
16948
13528
16575
13727
10909
15637
20184
20666
17332
12328
17344
18692
12827
13405
17619
14887
10735
16312
19734
16407
17706
20358
19753
10829
10329
20130
16061
16776
11861
17300
12422
11009
17169
13814
16774
20534
17074
18442
14646
12676
11359
15144
18843
17798
15886
20166
19640
18531
19178
10855
18920
17772
13221
17402
14786
17336
10725
15440
19661
17332
19370
13047
13782
13541
18891
11301
11164
11522
12745
19005
20852
20676
15679
19558
18197
15266
10487
15816
19689
12482
13084
19830
14183
12005
16743
17465
15043
14429
12578
14632
11370
19587
14179
13520
12576
16610
11190
19274
10422
17054
11887
17564
17043
10304
19401
20802
20219
18726
13138
11018
19243
18680
14018
14131
17420
14543
20892
20997
15259
17340
17703
16186
10314
16562
14145
11225
17394
16686
10252
18384
15690
15654
13234
20504
18492
20436
11772
15706
13426
12169
19330
19570
17347
12303
14680
14023
11602
10340
13077
11891
19545
13918
12045
19020
12528
11274
10980
17758
19349
12241
18214
13657
15654
16307
16891
17320
16767
20647
13198
14327
19736
10438
19392
17970
11708
10795
10151
11603
18945
19020
14598
14619
15525
13217
11420
15663
14468
15648
14613
14227
10095
14622
20733
13911
13225
11704
12027
11188
14951
20152
10965
18199
18496
16751
16574
19976
11854
20128
20410
10991
13081
10162
16622
16366
19526
11334
18303
15086
17459
15875
15962
18047
14873
14129
17659
20380
11104
11411
20343
16953
13327
10038
18233
12579
18446
20964
15730
10672
19775
17413
17336
15813
15335
18848
16635
12782
16267
12267
19878
17034
16935
20215
12187
15986
18501
19352
11349
13245
13570
10507
20354
11056
11111
13070
10903
12617
20301
15306
17774
17968
15564
17661
18061
12156
14759
14702
16123
19824
14059
10161
13180
12254
18177
19501
10291
15033
17726
15322
11852
14221
17961
11788
10721
14237
18286
20355
16426
11764
13600
19162
17675
13207
16183
16125
13695
12807
18320
13354
19046
16201
16711
14809
20773
15288
14793
13903
10327
11170
11829
11366
15412
17648
18720
11795
12845
15317
17282
14092
12638
10965
13724
19688
12414
13262
17888
12668
13477
13635
14356
20364
11056
11733
11123
19143
16526
15879
20379
17951
10319
18160
15259
12232
14039
14515
11990
17125
16207
12534
18062
19917
14566
17514
16781
16661
20783
20652
15083
10896
10467
20887
19153
16541
20775
18160
18469
18662
14729
11533
10967
18951
13562
15651
12638
16376
10693
12276
12852
17101
13077
18931
20045
10013
17001
12667
16483
20662
17823
20341
15600
12181
20630
13582
12565
19993
13747
15203
19354
13745
15737
12256
15938
16083
16641
14450
17241
17542
13017
12284
16604
13733
11085
15915
10426
16011
19145
17613
12788
14233
15441
18770
11221
20477
20084
14368
16827
14080
17913
17424
19435
16386
16997
11686
16379
16685
11713
18744
15979
18083
15441
20117
14210
15069
13223
18395
17467
10333
20865
10928
13270
20026
17165
17412
20114
13425
20301
19361
16079
17276
14405
15877
14695
13829
14216
10732
16404
11447
10107
10936
17872
17291
14962
18840
18658
10046
13902
10172
10737
16297
10002
19988
14800
17533
20610
12141
16473
13600
18316
10463
13150
10561
12035
18586
14808
20443
13779
16600
10509
17940
19674
11535
14334
17521
10224
12553
13364
18590
14999
19109
12398
10737
19183
16795
10270
12633
14849
15344
10443
15291
18973
12570
15641
17820
19646
11659
17167
13382
12001
19948
17994
14866
19253
14530
11699
15387
15245
11221
18284
12142
18993
14172
16832
17551
20151
13824
19813
17935
14230
15100
15844
11885
16323
16374
20289
17630
16339
11264
15827
18502
18798
15646
11585
13047
14409
12505
17147
17037
18472
15551
17292
20819
18827
13416
19085
10153
12056
20963
15013
15623
15127
12849
15086
10152
17641
11541
11394
19253
10143
17054
14558
11391
19015
20226
10013
11747
12577
11015
20553
16647
17536
14663
20693
18047
14859
14979
20874
20225
14892
16746
19917
14050
18391
14061
16188
19604
13770
17028
12223
14102
13494
11974
17945
16759
11399
17548
16359
17045
15652
15262
14591
16091
14015
16040
13200
14984
20909
15880
15516
20457
20265
17846
15243
12111
18804
10267
12283
14066
12253
13924
14635
19956
14734
11761
16232
17737
11762
12973
20243
14559
11904
14924
10652
18495
13512
12789
20945
19935
10411
15096
14235
17488
15857
13525
17231
13143
12190
11788
20201
20805
11565
16274
13349
17604
11640
11015
20194
12368
19724
13862
11599
20658
11003
17417
16563
16520
16152
15296
11668
10548
12850
16866
18545
14243
13048
19128
11807
12413
15033
17751
16023
12536
16289
17931
20574
17329
13781
10299
12095
15701
18055
10918
17839
20124
15269
15071
19728
10967
19005
17410
18769
13461
11142
13908
13207
10398
20621
14958
17307
13753
20856
18315
12723
14975
10679
11763
10610
10171
16072
20663
14003
11605
20910
16227
14653
15703
10789
14800
18460
11879
15890
14429
12689
18091
10444
11104
14703
14883
17851
17964
11183
13542
15811
14658
15236
11411
16319
16753
17763
13233
12743
14315
10532
20927
13886
15696
16445
11118
19916
14035
10677
10830
10849
14004
18593
20792
19642
18415
15592
16859
10844
18421
19022
20585
13050
14617
17940
14640
18203
17793
17234
17882
18814
15065
16816
18952
10977
15357
14013
15396
11382
15406
20669
15300
18584
10319
10332
18769
13347
14299
10130
17967
15334
15974
10386
12248
12242
13509
20975
20812
10994
12430
11185
17546
12414
20769
20828
10206
15961
13498
10093
14972
18838
12608
10811
16739
13474
18845
11278
17262
15239
19867
13333
20720
18707
10839
15012
17378
16520
10612
11310
14571
20001
18225
20565
12120
14786
14315
14181
12455
13548
15460
18998
16682
16248
17265
13899
19553
20619
20055
11884
14855
10368
18258
14662
18512
19137
20275
15404
12195
20757
10831
10448
10743
16559
16705
19896
20845
13095
16580
20170
14229
16047
15320
15212
17376
13390
14055
15170
16445
20758
18358
11635
18581
17813
19960
14725
14303
15567
16304
14535
17134
19904
18064
15120
16425
16187
10539
15179
12193
10293
17136
17413
14147
12667
11686
14155
19804
15492
10233
18979
18984
10451
19144
15879
19053
10502
16509
19324
10009
18202
14539
19825
11597
10813
14584
18862
13635
15101
13005
13130
10970
10898
13095
19605
19893
18346
12809
10447
17433
17472
18128
14200
17256
15572
12999
14544
13070
10272
19812
15985
20654
13697
13663
20240
13996
10442
20266
18212
12424
14835
19471
14430
11428
16486
20693
19318
12282
16273
13120
16190
11980
12762
11719
13200
12533
13780
10422
16549
15733
20489
14655
20484
14221
20805
12151
19141
18105
18247
17902
18591
13435
13414
13519
20841
14722
10864
12646
18805
16337
17490
18686
17289
11875
11202
11360
15633
11779
14982
18926
19303
12931
18492
10168
13065
14497
10018
20481
19790
16322
12974
15508
11558
17946
15743
10038
12660
14078
11863
16969
14725
13365
18853
11266
15006
19189
20760
13617
19368
16901
17586
20488
15588
11996
15807
16873
13384
19720
17193
16263
18645
17633
10213
11461
18378
15372
16946
15623
11222
17147
13857
12862
15093
17269
11645
12707
13294
20198
10591
13411
14037
13988
15169
18054
20210
16778
20463
12631
14596
12511
15863
14127
19655
10917
10325
16233
16577
15269
10716
14076
13904
15182
18460
19591
20442
13116
16948
16080
18209
11273
10673
20944
10247
11125
19367
17422
20329
16399
14232
12573
15168
18870
13417
11432
15906
11490
12582
20984
10608
18519
19362
18686
13748
18724
16282
14255
15883
15297
16188
19277
12797
17987
17214
13000
18742
12439
11966
19056
17056
10786
19538
18896
12939
18321
18923
18927
12360
18660
10256
17817
13969
11011
13340
18448
10422
16136
17734
13820
12519
17716
13469
16029
17383
11966
13558
16760
11884
16120
19790
17221
16151
14929
19256
16445
11999
20486
13963
13168
17756
15727
11419
11847
19090
16796
12688
18594
13401
12231
17349
19211
10137
13385
10094
17157
14570
18828
20218
19609
20746
19600
13789
12435
19723
20537
19143
18549
14703
11926
15835
10973
13390
20236
17138
12661
16274
18902
16292
20732
13440
17350
14611
13625
20402
14703
10984
14186
19036
15431
16070
14194
14510
11199
16804
20726
20051
18465
14053
12708
15323
17548
18218
10090
13483
13755
18760
17915
14524
19217
17576
11485
15223
18275
16119
19534
19275
11153
20296
19950
16367
18743
15089
13845
20054
20968
11410
16479
18923
10959
18855
19758
16871
11333
12937
14498
13617
14816
15959
11302
11395
11987
11220
18633
10951
17508
16505
12659
17320
12356
13477
11702
12725
17430
15986
12221
14823
20941
19221
15668
17084
12891
20285
18968
17531
20013
13881
17392
15296
18732
19140
19083
14233
14649
20427
11803
16663
16033
12514
10678
11963
13520
14844
18236
15184
14605
11044
12847
19505
11447
15365
13612
20977
16256
13499
14926
18887
19267
14366
10204
13375
11429
15522
11841
15277
20292
10015
19984
11807
14780
15992
18952
10829
14665
20614
16554
20046
16142
19840
10986
12145
10629
20008
15238
12395
13113
16963
11465
20506
16897
15354
17889
14260
13971
13395
13158
12620
16686
11835
17860
10308
18612
12564
16347
12782
19373
18688
12573
15339
17140
20008
14601
14064
11164
15934
14937
14901
20487
14613
15563
18858
20509
11323
20311
19951
12897
14590
19521
15451
17586
18843
20987
16880
12688
17595
16214
18632
20353
16736
20787
20820
18361
14984
15697
19207
14893
18347
15437
20503
14778
17278
15836
19254
17254
16832
17693
15831
17294
20644
12617
15040
12031
19844
17421
19722
18357
20456
14127
11863
12922
14703
10755
14797
15930
19878
13557
13615
20523
16673
14416
11138
11494
13765
15466
11088
18156
16897
16877
14655
20940
16522
14787
15361
19353
20043
14009
20680
17444
19713
12981
11272
17876
19334
13502
13593
15527
14621
13158
15618
15413
16554
17329
19710
19457
16738
16588
11534
